4827
8758
5346
5238
6433
2191
1258
8311
931
6610
5617
7059
9660
3715
1049
6804
5578
8517
5997
7116
2120
5131
2498
201
2124
7517
831
2184
3617
8333
4911
4359
3991
9467
3092
1087
3818
9110
5950
1394
9521
5107
3276
9713
7847
1587
3650
1937
2607
6448
6860
6495
9204
9944
1458
2786
3599
1486
9692
5616
9085
3821
1832
1187
271
1550
1945
7917
9187
2684
7778
9610
8611
2518
628
2294
301
3893
2949
6527
915
974
4498
9259
6692
4634
4757
3837
8603
228
4762
4372
1190
6035
975
3076
2970
3593
9882
3385
6068
6059
1040
6569
659
1362
5538
3866
1413
2880
2538
7988
2607
5047
2088
5144
6337
4903
9014
2770
8776
4247
4418
8746
7238
7862
4637
7937
1455
7378
6975
9306
1670
7497
6365
7495
952
2894
6894
8726
326
2078
7883
2587
9849
4819
5525
8047
3569
1577
9947
7849
5823
8319
827
5965
2675
7312
4217
386
3464
3426
6015
4425
2415
383
7332
8154
5914
2643
4607
5329
9866
1205
4621
7129
7642
7946
7266
4327
1342
5061
685
9579
2582
3187
4414
8482
7703
7511
4060
3888
4028
2065
6354
7180
2249
453
6619
7628
9264
9337
9614
3523
2072
4030
267
4504
6587
3587
3558
1736
3518
9190
4531
79
6422
1101
3859
1843
1737
1172
382
7986
3779
1287
5602
173
490
1331
2618
2772
7556
8744
3874
1156
8200
513
2506
2607
114
2407
3370
7723
3179
7379
1125
9245
5848
5811
1633
5127
5105
1663
6806
4464
1717
6124
9620
5699
1212
3456
58
6523
2941
9831
372
4701
8722
4662
8133
2646
1721
1038
2230
6663
2619
5395
5821
286
6658
7038
4001
503
2887
7471
4364
9490
4138
7575
835
2983
470
6229
1075
5127
3171
3072
3116
325
558
1140
9650
7446
8806
2080
3921
5396
8888
6895
5841
6953
3022
6006
2714
2602
2147
3902
3194
1473
170
913
2692
5408
5232
7563
3516
9843
6062
3209
7137
3893
2612
9733
8665
9302
7763
709
8787
6619
4409
3424
5817
9078
1938
5442
549
8520
8093
2450
1909
2132
77
4610
8594
8822
7217
4327
6029
3540
2263
8187
5723
2660
4700
2575
1427
2126
6118
6996
9893
1027
1894
6107
2254
4270
7704
1275
9609
1209
685
1428
9928
2036
5883
1410
9571
466
1827
7444
5744
4100
788
7453
5955
9114
6926
6923
7128
4838
9769
822
6863
3476
7735
1195
9063
6216
5751
9242
1951
4390
1867
1500
5145
9527
6285
5561
1071
7274
3677
5721
1658
8250
7950
4729
5937
4367
7538
5153
4063
5207
6371
803
7577
214
4772
54
3102
6380
4343
2741
6191
7638
1728
6754
4560
727
1737
4510
6176
5881
2135
8621
1878
4958
8430
4165
4796
1996
4001
1992
705
6009
4716
5987
937
2722
597
1942
7560
2306
9040
7748
1968
2994
7874
861
2582
3372
6600
9979
2379
7076
4714
2425
2986
4809
6970
2491
2685
2504
1297
2826
165
1634
6428
7998
2410
1103
