54
58
77
79
114
165
170
173
201
214
228
267
271
286
301
325
326
372
382
383
386
453
466
470
490
503
513
549
558
597
628
659
685
705
709
727
788
803
822
827
831
835
861
913
915
931
937
952
974
975
1027
1038
1040
1049
1071
1075
1087
1101
1103
1125
1140
1156
1172
1187
1190
1195
1205
1209
1212
1258
1275
1287
1297
1331
1342
1362
1394
1410
1413
1427
1428
1455
1458
1473
1486
1500
1550
1577
1587
1633
1634
1658
1663
1670
1717
1721
1728
1736
1737
1827
1832
1843
1867
1878
1894
1909
1937
1938
1942
1945
1951
1968
1992
1996
2036
2065
2072
2078
2080
2088
2120
2124
2126
2132
2135
2147
2184
2191
2230
2249
2254
2263
2294
2306
2379
2407
2410
2415
2425
2450
2491
2498
2504
2506
2518
2538
2575
2582
2587
2602
2607
2612
2618
2619
2643
2646
2660
2675
2684
2685
2692
2714
2722
2741
2770
2772
2786
2826
2880
2887
2894
2941
2949
2970
2983
2986
2994
3022
3072
3076
3092
3102
3116
3171
3179
3187
3194
3209
3276
3370
3372
3385
3424
3426
3456
3464
3476
3516
3518
3523
3540
3558
3569
3587
3593
3599
3617
3650
3677
3715
3779
3818
3821
3837
3859
3866
3874
3888
3893
3902
3921
3991
4001
4028
4030
4060
4063
4100
4138
4165
4217
4247
4270
4327
4343
4359
4364
4367
4372
4390
4409
4414
4418
4425
4464
4498
4504
4510
4531
4560
4607
4610
4621
4634
4637
4662
4700
4701
4714
4716
4729
4757
4762
4772
4796
4809
4819
4827
4838
4903
4911
4958
5047
5061
5105
5107
5127
5131
5144
5145
5153
5207
5232
5238
5329
5346
5395
5396
5408
5442
5525
5538
5561
5578
5602
5616
5617
5699
5721
5723
5744
5751
5811
5817
5821
5823
5841
5848
5881
5883
5914
5937
5950
5955
5965
5987
5997
6006
6009
6015
6029
6035
6059
6062
6068
6107
6118
6124
6176
6191
6216
6229
6285
6337
6354
6365
6371
6380
6422
6428
6433
6448
6495
6523
6527
6569
6587
6600
6610
6619
6658
6663
6692
6754
6804
6806
6860
6863
6894
6895
6923
6926
6953
6970
6975
6996
7038
7059
7076
7116
7128
7129
7137
7180
7217
7238
7266
7274
7312
7332
7378
7379
7444
7446
7453
7471
7495
7497
7511
7517
7538
7556
7560
7563
7575
7577
7628
7638
7642
7703
7704
7723
7735
7748
7763
7778
7847
7849
7862
7874
7883
7917
7937
7946
7950
7986
7988
7998
8047
8093
8133
8154
8187
8200
8250
8311
8319
8333
8430
8482
8517
8520
8594
8603
8611
8621
8665
8722
8726
8744
8746
8758
8776
8787
8806
8822
8888
9014
9040
9063
9078
9085
9110
9114
9187
9190
9204
9242
9245
9259
9264
9302
9306
9337
9467
9490
9521
9527
9571
9579
9609
9610
9614
9620
9650
9660
9692
9713
9733
9769
9831
9843
9849
9866
9882
9893
9928
9944
9947
9979
