7645
4804
9035
2865
635
7741
380
2893
3084
503
7730
3613
980
3066
2933
2508
7038
3876
4671
9293
5236
3561
3600
573
6239
1674
8324
8966
3903
5753
2089
9269
6637
9003
4491
7406
6127
7327
1058
4734
2572
7983
3728
1762
801
8901
1235
6614
4723
6032
8626
1232
3685
4358
7014
8943
4700
2715
2822
6382
4385
6979
9319
5117
7351
8997
2003
9778
2287
5202
6010
4203
5688
1204
9415
7959
4490
5241
8469
5798
3077
2306
2913
271
5477
6743
2513
8369
9753
3006
805
1787
6628
1900
8093
6767
2579
1210
8796
340
6225
987
2860
7692
1448
2382
2945
2102
552
6911
4514
6469
2765
5059
8645
6800
2092
7236
7034
3466
205
8777
3468
4261
7120
8617
9523
2467
6393
6705
4333
2286
1022
2565
622
809
3987
7300
1317
2454
2387
2527
4482
7017
7874
4058
4709
6812
3745
7844
7208
8069
2754
3668
5312
2949
12
6260
9952
2450
1825
3955
6926
4407
4030
1606
5242
5610
4258
4686
9308
4575
5971
4496
3181
9515
9310
6480
6073
1900
2157
4367
6596
5223
3678
8728
6923
897
6497
2213
4348
6162
1490
6071
8200
8327
1336
8038
5127
6135
9405
678
2237
5161
4944
7946
6812
8020
5863
8605
5482
950
5016
3631
149
9961
2682
9644
1124
147
9271
7652
5679
2269
4821
806
4786
2966
534
46
2845
2872
3388
513
7040
972
9985
4566
8502
266
4214
2424
1759
1220
7050
3481
2515
5459
750
9513
7891
6641
1462
4776
2770
5881
7442
552
2164
1148
9646
5142
5125
5526
8055
9610
125
6064
511
7068
3843
1511
627
6266
1504
28
3419
24
3574
5181
5057
6071
3905
9157
3238
4041
2444
1328
4561
7876
6358
225
9273
3557
8390
247
4838
791
2285
8397
4675
6419
9820
7921
6486
1402
166
5832
6322
3154
6295
736
2365
1693
7460
3765
6270
9696
4613
9384
6506
2754
3937
8685
3215
2084
1529
9636
1360
8752
3783
3227
9362
7380
5880
4882
1062
977
968
8847
6697
3791
4413
4018
7320
8932
7399
4907
5432
4245
2726
43
8724
1499
4780
9545
1240
5770
9284
3814
3758
8366
9268
8642
2967
5735
5631
9761
8749
5542
7678
424
8678
1112
7520
2301
6923
9443
3103
2622
7098
3983
6085
5280
9017
6135
2079
6955
2924
688
4401
1043
9896
9145
8394
1099
2617
5523
2378
3605
3521
3058
145
1981
3442
853
441
375
526
7827
7270
1478
1917
3463
3693
750
3071
557
9571
5132
8274
3933
1016
4341
8918
2472
4131
7116
6943
1808
8048
9448
11
3357
8760
3301
901
1469
2159
6714
5369
556
5907
7179
968
1028
7011
4095
8927
6070
4303
1125
1571
3626
191
403
623
9908
2759
3279
546
3447
5337
6769
2435
6446
4459
1464
4166
7977
5818
1772
3811
1509
2799
5493
7909
6047
3361
9402
2512
8618
3867
348
3063
8910
2688
3444
9933
7652
1100
7306
2298
7552
2797
4264
128
6974
1490
1918
6159
6416
9795
9687
566
1974
577
556
6826
607
830
7207
9340
8784
9168
2747
7270
2723
8962
3058
4118
9313
9292
4215
7039
5026
4213
2613
316
4228
182
175
230
1083
1088
2114
8232
5112
9649
3800
544
1661
6131
2798
2809
4560
4421
9400
7448
718
8094
9124
8339
3138
783
4620
8344
2262
4760
640
8109
4905
8638
7347
4004
7297
6396
6085
1762
1491
967
2257
6159
6113
2903
5143
4208
1347
4386
1453
2820
7881
4395
9666
7340
4784
2331
4739
4063
4979
6543
225
2668
340
8275
7379
6609
4171
4876
8920
1227
1854
1564
8559
2271
4658
4482
2427
1641
1953
4368
5649
6883
220
6337
228
3753
1779
5706
851
778
4386
6896
1392
3809
2046
8283
4277
3140
1841
7082
8851
9053
6050
9015
2635
680
1785
3900
2048
6636
8289
5750
1564
9101
6463
9320
2802
8097
1826
1523
2068
8274
9947
9013
614
9236
7871
9472
418
199
8698
3261
8862
8318
6870
1440
5547
4689
237
8350
5087
7537
2444
460
6070
442
1896
5673
292
7709
7269
3711
3102
6143
7685
1318
1881
9004
1374
7658
1011
352
1391
7822
81
1687
3443
5808
8424
1875
6551
9183
145
575
3913
3739
9942
6146
8370
7419
3122
3349
5094
1205
1497
7176
1880
9162
2866
2754
5219
4735
1326
440
5895
4867
6692
4176
3377
4094
5227
5783
9982
215
6732
9871
4065
8601
1254
9116
4915
743
8164
2593
9690
1789
3165
5671
606
9289
458
782
7783
377
2237
8807
907
5431
8255
6993
615
1586
2746
8690
1883
2191
6345
1897
7211
6912
910
4834
2659
8756
5970
905
2860
3792
5778
4658
4652
907
5223
8504
1010
7568
214
6997
4450
239
9082
2626
6510
9653
3375
7151
9094
14
6929
2709
4000
5544
5412
1978
988
4266
1845
4405
8274
6084
3680
5906
9677
7385
5251
920
9787
8138
9027
825
4501
1413
9934
4218
2589
4670
2337
916
6710
2748
8411
1787
792
7448
4097
5197
307
7009
2003
492
7012
851
2975
5455
5750
1785
9541
3686
3643
6161
3579
4845
1132
768
3553
35
5020
4629
4919
1243
3619
7458
4398
5426
282
1656
1901
1714
6515
882
181
5527
331
821
903
2545
578
6870
9076
2041
9514
7324
8837
9575
4366
2584
3597
3459
9077
2531
7547
6426
5271
9831
7716
579
879
2208
1056
883
4833
2244
3796
2686
8591
4801
7537
3455
6279
1253
1290
6346
6207
9556
9835
2576
9091
9766
1240
2995
5742
4687
1172
5194
7063
2483
5940
9318
7326
6457
7699
166
8744
1615
6711
7497
2327
2143
3011
7667
2605
7088
2830
7617
2706
2400
9972
4608
4612
7681
1340
6730
7871
721
7882
547
958
494
4790
531
7312
602
6956
1925
7214
908
2005
8911
6715
7207
3062
6163
3725
6846
9560
3686
5404
408
2712
702
7865
8625
5200
642
193
6337
4293
4220
2706
337
7506
6530
396
3083
629
5558
5771
2802
7512
