9985
9982
9972
9961
9952
9947
9942
9934
9933
9908
9896
9871
9835
9831
9820
9795
9787
9778
9766
9761
9753
9696
9690
9687
9677
9666
9653
9649
9646
9644
9636
9610
9575
9571
9560
9556
9545
9541
9523
9515
9514
9513
9472
9448
9443
9415
9405
9402
9400
9384
9362
9340
9320
9319
9318
9313
9310
9308
9293
9292
9289
9284
9273
9271
9269
9268
9236
9183
9168
9162
9157
9145
9124
9116
9101
9094
9091
9082
9077
9076
9053
9035
9027
9017
9015
9013
9004
9003
8997
8966
8962
8943
8932
8927
8920
8918
8911
8910
8901
8862
8851
8847
8837
8807
8796
8784
8777
8760
8756
8752
8749
8744
8728
8724
8698
8690
8685
8678
8645
8642
8638
8626
8625
8618
8617
8605
8601
8591
8559
8504
8502
8469
8424
8411
8397
8394
8390
8370
8369
8366
8350
8344
8339
8327
8324
8318
8289
8283
8275
8274
8255
8232
8200
8164
8138
8109
8097
8094
8093
8069
8055
8048
8038
8020
7983
7977
7959
7946
7921
7909
7891
7882
7881
7876
7874
7871
7865
7844
7827
7822
7783
7741
7730
7716
7709
7699
7692
7685
7681
7678
7667
7658
7652
7645
7617
7568
7552
7547
7537
7520
7512
7506
7497
7460
7458
7448
7442
7419
7406
7399
7385
7380
7379
7351
7347
7340
7327
7326
7324
7320
7312
7306
7300
7297
7270
7269
7236
7214
7211
7208
7207
7179
7176
7151
7120
7116
7098
7088
7082
7068
7063
7050
7040
7039
7038
7034
7017
7014
7012
7011
7009
6997
6993
6979
6974
6956
6955
6943
6929
6926
6923
6912
6911
6896
6883
6870
6846
6826
6812
6800
6769
6767
6743
6732
6730
6715
6714
6711
6710
6705
6697
6692
6641
6637
6636
6628
6614
6609
6596
6551
6543
6530
6515
6510
6506
6497
6486
6480
6469
6463
6457
6446
6426
6419
6416
6396
6393
6382
6358
6346
6345
6337
6322
6295
6279
6270
6266
6260
6239
6225
6207
6163
6162
6161
6159
6146
6143
6135
6131
6127
6113
6085
6084
6073
6071
6070
6064
6050
6047
6032
6010
5971
5970
5940
5907
5906
5895
5881
5880
5863
5832
5818
5808
5798
5783
5778
5771
5770
5753
5750
5742
5735
5706
5688
5679
5673
5671
5649
5631
5610
5558
5547
5544
5542
5527
5526
5523
5493
5482
5477
5459
5455
5432
5431
5426
5412
5404
5369
5337
5312
5280
5271
5251
5242
5241
5236
5227
5223
5219
5202
5200
5197
5194
5181
5161
5143
5142
5132
5127
5125
5117
5112
5094
5087
5059
5057
5026
5020
5016
4979
4944
4919
4915
4907
4905
4882
4876
4867
4845
4838
4834
4833
4821
4804
4801
4790
4786
4784
4780
4776
4760
4739
4735
4734
4723
4709
4700
4689
4687
4686
4675
4671
4670
4658
4652
4629
4620
4613
4612
4608
4575
4566
4561
4560
4514
4501
4496
4491
4490
4482
4459
4450
4421
4413
4407
4405
4401
4398
4395
4386
4385
4368
4367
4366
4358
4348
4341
4333
4303
4293
4277
4266
4264
4261
4258
4245
4228
4220
4218
4215
4214
4213
4208
4203
4176
4171
4166
4131
4118
4097
4095
4094
4065
4063
4058
4041
4030
4018
4004
4000
3987
3983
3955
3937
3933
3913
3905
3903
3900
3876
3867
3843
3814
3811
3809
3800
3796
3792
3791
3783
3765
3758
3753
3745
3739
3728
3725
3711
3693
3686
3685
3680
3678
3668
3643
3631
3626
3619
3613
3605
3600
3597
3579
3574
3561
3557
3553
3521
3481
3468
3466
3463
3459
3455
3447
3444
3443
3442
3419
3388
3377
3375
3361
3357
3349
3301
3279
3261
3238
3227
3215
3181
3165
3154
3140
3138
3122
3103
3102
3084
3083
3077
3071
3066
3063
3062
3058
3011
3006
2995
2975
2967
2966
2949
2945
2933
2924
2913
2903
2893
2872
2866
2865
2860
2845
2830
2822
2820
2809
2802
2799
2798
2797
2770
2765
2759
2754
2748
2747
2746
2726
2723
2715
2712
2709
2706
2688
2686
2682
2668
2659
2635
2626
2622
2617
2613
2605
2593
2589
2584
2579
2576
2572
2565
2545
2531
2527
2515
2513
2512
2508
2483
2472
2467
2454
2450
2444
2435
2427
2424
2400
2387
2382
2378
2365
2337
2331
2327
2306
2301
2298
2287
2286
2285
2271
2269
2262
2257
2244
2237
2213
2208
2191
2164
2159
2157
2143
2114
2102
2092
2089
2084
2079
2068
2048
2046
2041
2005
2003
1981
1978
1974
1953
1925
1918
1917
1901
1900
1897
1896
1883
1881
1880
1875
1854
1845
1841
1826
1825
1808
1789
1787
1785
1779
1772
1762
1759
1714
1693
1687
1674
1661
1656
1641
1615
1606
1586
1571
1564
1529
1523
1511
1509
1504
1499
1497
1491
1490
1478
1469
1464
1462
1453
1448
1440
1413
1402
1392
1391
1374
1360
1347
1340
1336
1328
1326
1318
1317
1290
1254
1253
1243
1240
1235
1232
1227
1220
1210
1205
1204
1172
1148
1132
1125
1124
1112
1100
1099
1088
1083
1062
1058
1056
1043
1028
1022
1016
1011
1010
988
987
980
977
972
968
967
958
950
920
916
910
908
907
905
903
901
897
883
882
879
853
851
830
825
821
809
806
805
801
792
791
783
782
778
768
750
743
736
721
718
702
688
680
678
642
640
635
629
627
623
622
615
614
607
606
602
579
578
577
575
573
566
557
556
552
547
546
544
534
531
526
513
511
503
494
492
460
458
442
441
440
424
418
408
403
396
380
377
375
352
348
340
337
331
316
307
292
282
271
266
247
239
237
230
228
225
220
215
214
205
199
193
191
182
181
175
166
149
147
145
128
125
81
46
43
35
28
24
14
12
11
0
